# A0 eps logA ns theta_MC_100 ombh2 omch2 tau A_planck calib_100T calib_217T A_cib_217 xi_sz_cib A_sz ksz_norm gal545_A_100 gal545_A_143 gal545_A_143_217 gal545_A_217 ps_A_100_100 ps_A_143_143 ps_A_143_217 ps_A_217_217 galf_TE_A_100 galf_TE_A_100_143 galf_TE_A_100_217 galf_TE_A_143 galf_TE_A_143_217 galf_TE_A_217
5.946286009315992268e-04 -6.502515116368714522e-04 -1.156596160727987746e-03 3.551340321912027726e-06 -1.659346160235193825e-06 -1.617543924545328345e-06 1.391526836289717793e-05 5.475134779778747558e-05 6.308530611070740814e-06 -3.116377576929163279e-07 4.812729923010857178e-07 1.850208612570184222e-02 -3.767435868546863413e-04 -2.221145740747778111e-03 6.002379154492574510e-03 5.845044453499454113e-04 3.201560063095592983e-03 3.977059058392044474e-03 8.236996085662481783e-04 7.297684596707475213e-02 3.468405584825898225e-02 9.322741260244774356e-03 -7.469157444930263345e-03 6.231303772730532543e-06 -8.915550314514774743e-06 1.552104255222977157e-05 1.196019271297572022e-05 3.862647050967005631e-05 2.394977024879427088e-04
-6.502515116368714522e-04 8.625765782752837021e-03 1.001460961709348899e-03 7.802691696059944979e-04 1.736007391261754572e-06 1.595580633813744094e-07 -2.405571276508437672e-05 -1.508741620053827206e-04 -2.560873976577666681e-06 -4.651555409654620618e-07 -1.152673954913987892e-06 -6.003989942485612324e-02 1.382897925951285384e-03 1.168263049517804554e-02 -1.902079535989633502e-02 -1.155279580253143002e-03 -7.377396014966455633e-03 -8.114667934719028627e-03 1.023017033912436077e-02 -2.492950527653932657e-01 -1.168828142735781339e-01 -1.617187094925236213e-02 3.002293338393019484e-02 -2.536557285448485507e-05 5.816185603173079194e-05 -4.680210008388013154e-05 1.057326637851987734e-04 -8.991477372917261685e-05 -1.260047764460995082e-04
-1.156596160727987746e-03 1.001460961709349116e-03 2.540292391889750669e-03 -2.624103332907257979e-05 3.633953422546373604e-06 3.569810961435044122e-06 -2.801597481996539581e-05 2.513699827093954242e-05 -8.403382217056849311e-07 6.861098854742040374e-07 -1.167091009398077438e-06 -3.945574859817945618e-02 8.745073612631117186e-04 4.351219183472664065e-03 -1.357955873428599511e-02 -1.318234704433954903e-03 -7.437379297634660880e-03 -9.968293411985273619e-03 -2.275505486402436706e-03 -1.592593413302193506e-01 -7.234080765978299910e-02 -1.667472577292255717e-02 2.225479063776838670e-02 -8.212391154888032965e-06 1.455534378757068582e-05 6.201530959441066159e-06 -4.504864649293717992e-05 -7.935946453128091076e-05 -4.921332379796110193e-04
3.551340321912028573e-06 7.802691696059944979e-04 -2.624103332907257979e-05 1.024748004954695340e-04 3.425579738364245187e-07 3.787061738252988846e-08 -3.999844551471416769e-06 -9.741949237621291518e-07 6.496777150308927220e-07 -1.960553283547578227e-07 -1.523822691290969969e-07 -8.107234126446823119e-03 1.983977662247408057e-04 1.582383159019155189e-03 -2.768271878931203092e-03 2.894995788208999297e-04 -6.078526311907774676e-04 -8.168533011739513182e-04 1.873642146459024611e-03 -3.911802538327920076e-02 -1.479186767850774846e-02 -3.862344064386750357e-04 5.633224747010574969e-03 -9.477011714013214132e-07 4.242613238403785474e-06 -7.602367372735622132e-07 6.603842173025857984e-06 -5.939432088893267160e-06 -1.078304508626847408e-05
-1.659346160235194248e-06 1.736007391261754572e-06 3.633953422546373604e-06 3.425579738364245187e-07 9.490821812514113922e-08 1.844643954772048101e-08 -1.464740983150499641e-07 1.441130651028827781e-07 -2.183779034417612760e-08 1.362308009840710294e-10 -6.287094597289211950e-10 -6.839854658011807126e-05 1.350044229539836146e-06 1.174350716203511526e-05 -1.875690306896461091e-05 2.972994590691973212e-06 -4.928642071387932152e-06 -8.827970622218861836e-06 1.118891420844267595e-06 -3.075143970977626011e-04 -1.380860056991776671e-04 -3.183296766639161235e-05 1.952927432870062372e-05 -4.245552294212040232e-08 -5.502815560026953328e-08 -1.998453300094069161e-07 -3.159798032409587724e-07 -7.886534952165171163e-07 -2.275634631258767103e-06
-1.617543924545328345e-06 1.595580633813743829e-07 3.569810961435044122e-06 3.787061738252988846e-08 1.844643954772048101e-08 2.527729180497067620e-08 -1.166989379805239912e-07 9.969603163703266259e-08 -6.788288223728271628e-09 2.526630185988620096e-09 -2.100981987140702862e-09 -1.228250378130915426e-04 2.062101558840480363e-06 1.653699670152653772e-05 -3.628716267108480012e-05 -4.306296902240824754e-06 -1.345709341372863131e-05 -1.933817649854911692e-05 1.482506247453994346e-05 -4.669245306504628246e-04 -2.769850233783456377e-04 -1.055144429199683003e-04 1.470750269758054129e-05 -4.261011156784292841e-08 -5.151871902728025717e-08 -1.467289125099985524e-07 -3.312688727841889909e-07 -5.028138545012270266e-07 -2.495847726553453030e-06
1.391526836289717793e-05 -2.405571276508438011e-05 -2.801597481996539581e-05 -3.999844551471416769e-06 -1.464740983150499641e-07 -1.166989379805239912e-07 1.627658659464724161e-06 -7.445285834582036958e-07 5.252984680467333092e-08 -4.906027133644742343e-10 1.020150798264888871e-08 5.878437094857724352e-04 -8.528466439066150390e-06 -9.921902335524032191e-05 1.842282830549344568e-04 2.178398858342404239e-06 2.510250553684448038e-05 6.054025847684016447e-05 -6.374890043518747172e-05 2.419172429303119345e-03 1.556795460435218088e-03 6.828188064997763257e-04 6.860456284768174718e-05 2.845645505910529363e-08 -6.230854481657032632e-08 1.726541172354399873e-07 1.508571745247240386e-06 3.596579324642446504e-06 1.980125589433196146e-05
5.475134779778747558e-05 -1.508741620053827206e-04 2.513699827093954242e-05 -9.741949237621295753e-07 1.441130651028827781e-07 9.969603163703266259e-08 -7.445285834582036958e-07 7.335404062324396145e-05 1.232246632145937210e-07 -5.739643137188454965e-08 -3.308123059009424179e-08 -1.237613467178189347e-04 1.853343450638994083e-05 -4.687015842343816277e-05 -1.252824995207181622e-04 1.800193676746863634e-04 1.059677884218736016e-04 -2.849684709819527923e-04 -6.312305347282651247e-04 -3.781939795899195728e-03 -8.750208595344267145e-04 -5.636041577231894011e-05 1.237458865017971839e-04 9.235929322106368929e-07 -2.592054386771422606e-06 1.639455316116786450e-05 -8.640202679629173493e-06 -2.117441200055379225e-06 -2.180793928973345233e-05
6.308530611070741661e-06 -2.560873976577666257e-06 -8.403382217056849311e-07 6.496777150308927220e-07 -2.183779034417612760e-08 -6.788288223728271628e-09 5.252984680467333092e-08 1.232246632145937475e-07 6.333581209887623333e-06 -1.474567223943007841e-08 -2.395982094353345846e-08 7.818132831654641844e-04 -5.811208851448599206e-06 -3.132770945566396204e-05 -1.016656577177468429e-05 -5.523586166307968245e-05 -2.673449109727325177e-05 -7.015100534188149143e-05 6.394712124799078719e-04 3.408625700717991640e-03 9.194123595217937230e-04 5.018527436041213177e-04 1.343738325131793370e-03 1.637931816170989297e-06 6.431735974799675997e-07 3.455802887668610121e-06 -7.721066190051576506e-07 1.358144024931742167e-06 1.700705152689999697e-05
-3.116377576929164338e-07 -4.651555409654618500e-07 6.861098854742040374e-07 -1.960553283547578227e-07 1.362308009840710294e-10 2.526630185988620096e-09 -4.906027133644742343e-10 -5.739643137188453641e-08 -1.474567223943007841e-08 3.821668227004747006e-07 -1.845351622767700857e-09 -2.336712319036823935e-04 3.902619142931670914e-06 8.897624022916644413e-05 -5.994421016093067140e-05 1.840049740395780615e-04 -1.806283897848769344e-04 -4.035947605224184098e-05 6.788759607141878173e-05 3.906361330442931386e-03 8.080572275349878319e-05 3.819076093226984317e-04 4.651241599718418992e-04 -2.843277475762259116e-07 -1.564282678906510862e-07 -5.907779031886857112e-07 4.535140031467325809e-07 4.721191379523175689e-07 1.415093674161182893e-06
4.812729923010857178e-07 -1.152673954913987892e-06 -1.167091009398077438e-06 -1.523822691290969969e-07 -6.287094597289211950e-10 -2.100981987140702862e-09 1.020150798264888871e-08 -3.308123059009423517e-08 -2.395982094353345846e-08 -1.845351622767700857e-09 3.831021437303875380e-07 7.645636574662535365e-04 -4.088439825955856823e-06 -5.327086092950052468e-05 1.416594183440137175e-05 -1.506755279291316443e-05 -3.233789032730814060e-05 4.019118748633971347e-04 8.753514699328322464e-04 8.898103898744851199e-04 2.008696114064825755e-04 -4.019828328193927143e-04 -1.374595878855031225e-03 -7.774586063195771141e-08 9.571230523321057537e-08 1.753315165326172182e-07 -1.182749519650999297e-07 -1.936379934137318445e-07 -4.777854649973051704e-07
1.850208612570184222e-02 -6.003989942485612324e-02 -3.945574859817945618e-02 -8.107234126446823119e-03 -6.839854658011807126e-05 -1.228250378130915426e-04 5.878437094857723267e-04 -1.237613467178188805e-04 7.818132831654640760e-04 -2.336712319036823935e-04 7.645636574662535365e-04 4.343355941027944311e+01 -3.843498579043694852e-01 -1.020067817655590181e+00 9.136429506440515991e-02 2.116988083633171425e-01 6.141032552518589371e-01 -5.518862067006353733e+00 -3.194014400565542289e+01 3.873605267532997942e+01 3.928318240198709788e+00 -1.128214801002469514e+01 -5.303807188756958624e+01 -8.784784103794709932e-04 1.949567819141799453e-03 -3.707058503754333007e-03 2.302992158304440536e-03 -4.489634035733629756e-03 -1.345173577202590960e-02
-3.767435868546863413e-04 1.382897925951285384e-03 8.745073612631117186e-04 1.983977662247408057e-04 1.350044229539836146e-06 2.062101558840480363e-06 -8.528466439066150390e-06 1.853343450638994422e-05 -5.811208851448600900e-06 3.902619142931670914e-06 -4.088439825955857670e-06 -3.843498579043694852e-01 7.795822373212039913e-02 -1.319324490896834137e-02 1.057513541091911410e-02 -1.207418713762063896e-02 1.052267788017715103e-02 1.281857105916924533e-01 1.549082888893789367e-01 -8.536662092447490080e-01 8.481405042170567787e-01 1.675621796428081067e+00 6.382804970802972155e-01 2.043324632852774045e-04 1.894190773496743038e-05 -1.227270792146189333e-04 -1.297955389003775423e-04 6.204612449604159392e-06 5.812768640057891512e-04
-2.221145740747778111e-03 1.168263049517804901e-02 4.351219183472664932e-03 1.582383159019155189e-03 1.174350716203511695e-05 1.653699670152653772e-05 -9.921902335524029480e-05 -4.687015842343814922e-05 -3.132770945566396204e-05 8.897624022916644413e-05 -5.327086092950052468e-05 -1.020067817655590181e+00 -1.319324490896833790e-02 3.482649403844386704e+00 -1.943570093375860397e+00 -2.083400586827500733e-01 1.613922447182986331e-01 2.348848178497576544e+00 2.919272985082497662e+00 -2.890909672326176150e+01 -3.899118337553709068e+00 6.482991423719769664e+00 4.205876350761425186e+00 -5.352390959854209625e-04 -3.477095520543654113e-04 1.306186950352970994e-03 -4.986549786332674815e-04 -5.048609760419573139e-04 3.445954362232296012e-03
6.002379154492573643e-03 -1.902079535989633849e-02 -1.357955873428599511e-02 -2.768271878931203526e-03 -1.875690306896460753e-05 -3.628716267108480012e-05 1.842282830549344839e-04 -1.252824995207181893e-04 -1.016656577177469276e-05 -5.994421016093067140e-05 1.416594183440137514e-05 9.136429506440515991e-02 1.057513541091911237e-02 -1.943570093375860397e+00 4.208914832714023113e+00 1.084308428025367449e-01 -9.466540186552911684e-02 -1.388878761864434930e+00 -1.472006535485526957e+00 1.081746748943023206e+01 -3.134490953788645839e+00 -8.620966859253746506e+00 -6.687089145676226920e+00 1.087631060180659212e-03 -2.147823718385695290e-05 -4.614590047850973954e-04 -2.773634491500340943e-04 9.147788723442089017e-04 2.303384177772229346e-04
5.845044453499455197e-04 -1.155279580253143435e-03 -1.318234704433954903e-03 2.894995788209000381e-04 2.972994590691971942e-06 -4.306296902240823060e-06 2.178398858342413133e-06 1.800193676746864176e-04 -5.523586166307968245e-05 1.840049740395780615e-04 -1.506755279291316104e-05 2.116988083633171702e-01 -1.207418713762063896e-02 -2.083400586827500733e-01 1.084308428025367449e-01 3.395592861965377462e+00 5.511769026744350874e-01 1.227103076165277223e-01 4.313087532704604210e-02 -6.368411107597468757e+00 -3.867237833828640059e-01 -8.865248731731545373e-01 -6.552739352779183291e-01 -1.532471243392225738e-03 1.788586431978863916e-04 -4.677513210167638181e-04 9.347533775504225390e-04 1.883715404956136765e-03 -2.090304426493465350e-04
3.201560063095592983e-03 -7.377396014966453898e-03 -7.437379297634660880e-03 -6.078526311907774676e-04 -4.928642071387934693e-06 -1.345709341372863131e-05 2.510250553684448038e-05 1.059677884218736152e-04 -2.673449109727326533e-05 -1.806283897848769344e-04 -3.233789032730814060e-05 6.141032552518589371e-01 1.052267788017715276e-02 1.613922447182986331e-01 -9.466540186552911684e-02 5.511769026744350874e-01 3.270970892443371802e+00 2.835060166909076251e+00 2.878977860560026247e+00 6.107152296706239269e+00 -1.247517325161644708e+00 -6.940083271915206131e-01 -1.393954179081487110e+00 7.991625469689873180e-04 2.994790272366309298e-04 2.564285547463963401e-03 5.577746779438220960e-04 9.430939435429900415e-04 5.171121753721818343e-03
3.977059058392043607e-03 -8.114667934719030362e-03 -9.968293411985273619e-03 -8.168533011739513182e-04 -8.827970622218861836e-06 -1.933817649854911692e-05 6.054025847684016447e-05 -2.849684709819528465e-04 -7.015100534188151854e-05 -4.035947605224183421e-05 4.019118748633971347e-04 -5.518862067006353733e+00 1.281857105916924533e-01 2.348848178497576544e+00 -1.388878761864434930e+00 1.227103076165277223e-01 2.835060166909076251e+00 1.057079681970810370e+01 1.877197681658702422e+01 -9.632310149843833713e+00 3.028822018673934302e+00 4.010676440817054988e+00 4.214443812013886514e+00 4.785948020549515261e-04 6.261092554042416115e-04 2.227749586038873901e-03 7.060948470054798250e-05 5.960073427082843460e-04 1.933084030543595622e-02
8.236996085662478531e-04 1.023017033912436424e-02 -2.275505486402436706e-03 1.873642146459024611e-03 1.118891420844269712e-06 1.482506247453994346e-05 -6.374890043518747172e-05 -6.312305347282651247e-04 6.394712124799079803e-04 6.788759607141878173e-05 8.753514699328322464e-04 -3.194014400565542289e+01 1.549082888893789367e-01 2.919272985082497662e+00 -1.472006535485526957e+00 4.313087532704595189e-02 2.878977860560026247e+00 1.877197681658702422e+01 5.187407832007741604e+01 -2.028898343926229586e+01 2.870948224778739011e+00 5.824960241955144724e+00 3.048697823579033184e+01 -8.269564774537980709e-04 -2.994715409693245590e-04 6.622228419445876438e-03 5.643875184683017814e-04 1.563481543364852056e-03 3.915075986775014283e-02
7.297684596707473825e-02 -2.492950527653932657e-01 -1.592593413302193506e-01 -3.911802538327920076e-02 -3.075143970977626011e-04 -4.669245306504628246e-04 2.419172429303119778e-03 -3.781939795899196596e-03 3.408625700717991640e-03 3.906361330442931386e-03 8.898103898744851199e-04 3.873605267532997942e+01 -8.536662092447490080e-01 -2.890909672326175439e+01 1.081746748943023562e+01 -6.368411107597468757e+00 6.107152296706238381e+00 -9.632310149843835489e+00 -2.028898343926229586e+01 7.862331660743593602e+02 7.565142553647808654e+01 -4.973186408674741443e+01 -5.574667779510684085e+01 -1.863176562494514750e-03 -4.374669235837723566e-04 -1.583299166684074997e-03 2.435979706955775440e-02 -5.545391756554374912e-03 -4.878321555557323802e-02
3.468405584825898225e-02 -1.168828142735781339e-01 -7.234080765978299910e-02 -1.479186767850774846e-02 -1.380860056991776671e-04 -2.769850233783456377e-04 1.556795460435217654e-03 -8.750208595344262808e-04 9.194123595217937230e-04 8.080572275349878319e-05 2.008696114064826297e-04 3.928318240198710676e+00 8.481405042170567787e-01 -3.899118337553709068e+00 -3.134490953788645839e+00 -3.867237833828638949e-01 -1.247517325161644708e+00 3.028822018673934302e+00 2.870948224778739011e+00 7.565142553647808654e+01 6.082244116903891751e+01 3.647098484128092366e+01 1.100196649278298366e+01 2.456765859441497214e-03 1.118812546914584646e-03 -9.024244408675342541e-03 4.024159362918977231e-03 5.777168924804659643e-05 2.185289270492798974e-02
9.322741260244772621e-03 -1.617187094925235866e-02 -1.667472577292255370e-02 -3.862344064386749273e-04 -3.183296766639161235e-05 -1.055144429199683003e-04 6.828188064997763257e-04 -5.636041577231894688e-05 5.018527436041212092e-04 3.819076093226984317e-04 -4.019828328193927685e-04 -1.128214801002469514e+01 1.675621796428081289e+00 6.482991423719769664e+00 -8.620966859253746506e+00 -8.865248731731545373e-01 -6.940083271915206131e-01 4.010676440817054988e+00 5.824960241955144724e+00 -4.973186408674740733e+01 3.647098484128092366e+01 7.776168479342008766e+01 4.550342361159829352e+01 3.593548746685917318e-03 -1.571063598973947845e-03 1.501546163116204875e-03 -1.659640559111722619e-03 -3.000945886188833341e-03 2.478765495035098465e-02
-7.469157444930264213e-03 3.002293338393020178e-02 2.225479063776838670e-02 5.633224747010575836e-03 1.952927432870063049e-05 1.470750269758053621e-05 6.860456284768173363e-05 1.237458865017972381e-04 1.343738325131793154e-03 4.651241599718418992e-04 -1.374595878855031225e-03 -5.303807188756958624e+01 6.382804970802972155e-01 4.205876350761425186e+00 -6.687089145676226920e+00 -6.552739352779183291e-01 -1.393954179081487110e+00 4.214443812013885626e+00 3.048697823579033184e+01 -5.574667779510684085e+01 1.100196649278298366e+01 4.550342361159829352e+01 9.632504103887417557e+01 3.051010482178376920e-03 -4.201247573216148126e-03 8.678665509407306605e-03 -3.099326803007475956e-03 7.328263416447249740e-03 3.002617919104704630e-02
6.231303772730531696e-06 -2.536557285448485846e-05 -8.212391154888034660e-06 -9.477011714013199309e-07 -4.245552294212040232e-08 -4.261011156784291518e-08 2.845645505910552524e-08 9.235929322106359400e-07 1.637931816170989508e-06 -2.843277475762259116e-07 -7.774586063195772465e-08 -8.784784103794708848e-04 2.043324632852774317e-04 -5.352390959854210709e-04 1.087631060180659429e-03 -1.532471243392225738e-03 7.991625469689873180e-04 4.785948020549512009e-04 -8.269564774537979624e-04 -1.863176562494514533e-03 2.456765859441498948e-03 3.593548746685918185e-03 3.051010482178376920e-03 1.489761600144301913e-03 2.921556379350162243e-04 1.083735129622327091e-04 -3.803317585254436563e-04 -1.247279610110040243e-04 -8.468839900484561570e-05
-8.915550314514774743e-06 5.816185603173077838e-05 1.455534378757068582e-05 4.242613238403784627e-06 -5.502815560026954651e-08 -5.151871902728025717e-08 -6.230854481657039250e-08 -2.592054386771422182e-06 6.431735974799677056e-07 -1.564282678906511127e-07 9.571230523321056213e-08 1.949567819141799236e-03 1.894190773496741344e-05 -3.477095520543653571e-04 -2.147823718385671234e-05 1.788586431978863916e-04 2.994790272366309840e-04 6.261092554042419368e-04 -2.994715409693247759e-04 -4.374669235837712724e-04 1.118812546914584429e-03 -1.571063598973947411e-03 -4.201247573216147259e-03 2.921556379350162243e-04 8.860235974770191373e-04 3.713399792343825899e-05 7.350168523996901231e-04 4.418768217329449225e-05 -7.360065453808227378e-04
1.552104255222977835e-05 -4.680210008388012476e-05 6.201530959441067006e-06 -7.602367372735622132e-07 -1.998453300094069426e-07 -1.467289125099984994e-07 1.726541172354401725e-07 1.639455316116787128e-05 3.455802887668610121e-06 -5.907779031886857112e-07 1.753315165326171917e-07 -3.707058503754333007e-03 -1.227270792146188520e-04 1.306186950352970994e-03 -4.614590047850969617e-04 -4.677513210167639807e-04 2.564285547463963835e-03 2.227749586038872166e-03 6.622228419445878173e-03 -1.583299166684074997e-03 -9.024244408675342541e-03 1.501546163116203791e-03 8.678665509407310075e-03 1.083735129622327091e-04 3.713399792343825221e-05 7.183739164668895456e-03 -2.734016129126231004e-04 6.463537782127067423e-04 4.669546447589553208e-03
1.196019271297572022e-05 1.057326637851988005e-04 -4.504864649293717315e-05 6.603842173025856290e-06 -3.159798032409587724e-07 -3.312688727841889909e-07 1.508571745247239751e-06 -8.640202679629175187e-06 -7.721066190051574388e-07 4.535140031467325809e-07 -1.182749519650999297e-07 2.302992158304440103e-03 -1.297955389003775423e-04 -4.986549786332670478e-04 -2.773634491500339859e-04 9.347533775504225390e-04 5.577746779438220960e-04 7.060948470054810447e-05 5.643875184683021067e-04 2.435979706955775440e-02 4.024159362918978966e-03 -1.659640559111723703e-03 -3.099326803007476823e-03 -3.803317585254437647e-04 7.350168523996901231e-04 -2.734016129126230462e-04 2.920449351374107636e-03 5.464910252882339324e-04 -1.080253950264189805e-03
3.862647050967005631e-05 -8.991477372917260329e-05 -7.935946453128091076e-05 -5.939432088893267160e-06 -7.886534952165171163e-07 -5.028138545012270266e-07 3.596579324642446504e-06 -2.117441200055377531e-06 1.358144024931742167e-06 4.721191379523174630e-07 -1.936379934137318974e-07 -4.489634035733629756e-03 6.204612449604278824e-06 -5.048609760419574223e-04 9.147788723442085764e-04 1.883715404956137198e-03 9.430939435429900415e-04 5.960073427082828281e-04 1.563481543364853574e-03 -5.545391756554383586e-03 5.777168924804621696e-05 -3.000945886188830306e-03 7.328263416447249740e-03 -1.247279610110040243e-04 4.418768217329448547e-05 6.463537782127067423e-04 5.464910252882339324e-04 6.381980683785765628e-03 7.854024783229983722e-03
2.394977024879427088e-04 -1.260047764460995895e-04 -4.921332379796110193e-04 -1.078304508626846900e-05 -2.275634631258767103e-06 -2.495847726553453030e-06 1.980125589433196146e-05 -2.180793928973345910e-05 1.700705152689999358e-05 1.415093674161182893e-06 -4.777854649973053822e-07 -1.345173577202591307e-02 5.812768640057890427e-04 3.445954362232294711e-03 2.303384177772225551e-04 -2.090304426493472939e-04 5.171121753721818343e-03 1.933084030543595969e-02 3.915075986775014283e-02 -4.878321555557324496e-02 2.185289270492798974e-02 2.478765495035097771e-02 3.002617919104704630e-02 -8.468839900484561570e-05 -7.360065453808227378e-04 4.669546447589553208e-03 -1.080253950264189805e-03 7.854024783229983722e-03 7.366897239794530095e-02
